1 20161547 David_De_Gea 0985642514
2 20184574 Victor_Lindelof 0978541254
3 20185426 Eric_Bailly 0984521477
4 20164585 Phil_Jones 0954445587
5 20194857 Harry_Maguire 0955422214
6 20185412 Paul_Pogba 0942145556
7 20194875 Daniel_James 0914444457
8 20174582 Juan_Mata 0977784522
9 20174523 Anthony_Martial 0984521452
10 20184562 Marcus_Rashford 0987777889
11 20182015 Mason_Greenwood 0986325648
12 20185246 Chris_Smalling 0987452145
13 20175246 Luke_Shaw 0984555568
14 20175624 Jesse_Lingard 0981235678
15 20178224 Andreas_Perreira 0974521452
16 20194852 Aaron_Wan-Bissaka 0975462412
17 20184852 Fred 0984254685
18 20194825 Bruno_Fernandes 0963254441
19 20185245 Scott_McTominay 0988541236
20 20194521 Diogo_Dalot 0985632545